time_stamps	avg_robot_linear_speed	avg_robot_angular_speed	
0.0	-0.3044529855251312	0.017938241362571716	
0.109	-0.23872150480747223	-0.451421856880188	
0.219	-0.2949334979057312	-0.4922538697719574	
0.297	-0.2999926805496216	-0.49257493019104004	
0.402	-0.29412779211997986	-0.49564191699028015	
0.51	-0.29819896817207336	-0.48933857679367065	
0.605	-0.3000199496746063	-0.49171727895736694	
0.709	-0.2994413375854492	-0.492951363325119	
0.816	-0.2993307411670685	-0.4920201301574707	
0.907	-0.2945859730243683	-0.49060818552970886	
1.008	-0.26602086424827576	-0.4910665452480316	
1.115	-0.28749921917915344	-0.4978548586368561	
1.212	-0.28025704622268677	-0.49894601106643677	
1.315	-0.24948251247406006	-0.49861815571784973	
1.4	-0.2611035406589508	-0.4973874092102051	
1.516	-0.2625846266746521	-0.4982678294181824	
1.604	-0.2395707368850708	-0.49932414293289185	
1.7069999999999999	-0.22773009538650513	-0.5063462853431702	
1.817	-0.21432913839817047	-0.4989989101886749	
1.916	-0.2300087809562683	-0.49884551763534546	
2.007	-0.1817992776632309	-0.4987499713897705	
2.103	-0.15948936343193054	-0.4991031289100647	
2.213	-0.16992533206939697	-0.4989840090274811	
2.313	-0.11833708733320236	-0.49860578775405884	
2.412	-0.12102893739938736	-0.49871641397476196	
2.485	-0.09200836718082428	-0.49830466508865356	
2.614	-0.06243262067437172	-0.4983442425727844	
2.709	-0.033006440848112106	-0.49833863973617554	
2.803	-0.014709323644638062	-0.4979787766933441	
2.906	0.035021234303712845	-0.4985027015209198	
3.017	0.02220241166651249	-0.49834102392196655	
3.116	0.07723702490329742	-0.49679869413375854	
3.201	0.11063980311155319	-0.4964061379432678	
3.312	0.11661096662282944	-0.4984765648841858	
3.402	0.1998596340417862	-0.4985959529876709	
3.507	0.25120049715042114	-0.4987848699092865	
3.604	0.2628825008869171	-0.49843910336494446	
3.702	0.286572128534317	-0.4983938932418823	
3.8120000000000003	0.30065345764160156	-0.5006116628646851	
3.903	0.3005335330963135	-0.4985460937023163	
3.998	0.30026891827583313	-0.499097615480423	
4.112	0.30019983649253845	-0.49936342239379883	
4.213	0.3003448247909546	-0.4976366460323334	
4.281	0.30036646127700806	-0.4989268183708191	
4.415	0.3005412518978119	-0.4976935088634491	
4.513	0.30040502548217773	-0.4988807141780853	
4.605	0.30040743947029114	-0.4991324543952942	
4.72	0.30044808983802795	-0.49859076738357544	
4.801	0.3002449870109558	-0.4994456470012665	
4.916	0.30021360516548157	-0.49907559156417847	
5.004	0.29987382888793945	-0.5012145042419434	
5.107	0.30016034841537476	-0.4980617165565491	
5.207	0.30030113458633423	-0.49017035961151123	
5.304	0.3007711172103882	-0.45825400948524475	
5.4	0.3004128038883209	-0.46649590134620667	
5.513	0.3001739978790283	-0.4040050804615021	
5.611	0.3002764880657196	-0.3845597207546234	
5.713	0.3001112937927246	-0.3767564296722412	
5.811	0.29996204376220703	-0.33356040716171265	
5.908	0.30038419365882874	-0.31247276067733765	
6.017	0.300319641828537	-0.3029636740684509	
6.099	0.30004769563674927	-0.279471755027771	
6.217	0.30000340938568115	-0.26139044761657715	
6.317	0.3000190556049347	-0.24355833232402802	
6.409	0.29998257756233215	-0.23457545042037964	
6.515	0.2999335825443268	-0.2170128971338272	
6.605	0.2998282015323639	-0.2047632932662964	
6.709	0.30000707507133484	-0.19887560606002808	
6.803	0.30002260208129883	-0.18714605271816254	
6.917	0.29951977729797363	-0.16937722265720367	
7.001	0.30012503266334534	-0.15746396780014038	
7.075	0.2995017468929291	-0.14525838196277618	
7.204	0.30007266998291016	-0.11958817392587662	
7.309	0.29957208037376404	-0.10693943500518799	
7.416	0.30009397864341736	-0.10081727057695389	
7.501	0.30027762055397034	-0.07027450948953629	
7.616	0.2996734380722046	-0.0550261065363884	
7.71	0.29973068833351135	-0.04797612130641937	
7.8100000000000005	0.3000691533088684	-0.04127544164657593	
7.9030000000000005	0.3001170754432678	-0.03578673303127289	
7.999	0.2999977469444275	-0.03522748872637749	
8.108	0.3002079129219055	-0.03179440647363663	
8.202	0.30011945962905884	-0.0303050484508276	
8.331	0.30015113949775696	-0.03095543198287487	
8.416	0.3000791668891907	-0.0031570587307214737	
8.485	0.29947739839553833	-0.011039494536817074	
8.604	0.29980137944221497	-0.012557122856378555	
8.714	0.3000437021255493	-0.03180459141731262	
8.81	0.30005866289138794	-0.03584570810198784	
8.893	0.3001881241798401	-0.032027680426836014	
9.012	0.29998886585235596	-0.031135519966483116	
9.116	0.30024418234825134	-0.0032348986715078354	
9.202	0.30023491382598877	-0.003620799630880356	
9.308	0.2999067008495331	-0.008557973429560661	
9.398	0.30003097653388977	-0.020303459838032722	
9.504	0.2999893128871918	-0.0184005293995142	
9.594	0.29986733198165894	-0.009312354028224945	
9.702	0.3000379800796509	-0.014752806164324284	
9.815	0.29997625946998596	-0.01440668199211359	
9.901	0.2998175024986267	-0.01484583504498005	
10.017	0.2997760772705078	-0.027237698435783386	
10.106	0.30002573132514954	-0.052919626235961914	
10.215	0.3000274896621704	-0.04823196306824684	
10.316	0.3000771105289459	-0.04437363147735596	
10.408	0.29984813928604126	-0.0410168394446373	
10.514	0.29991427063941956	-0.03137773647904396	
10.614	0.30005592107772827	-0.027239637449383736	
10.704	0.3002307713031769	-0.02396201714873314	
10.81	0.3003063201904297	-0.021009225398302078	
10.918	0.30019059777259827	0.005824991036206484	
10.999	0.29992640018463135	-0.0050766258500516415	
11.103	0.2994396388530731	-0.00870583951473236	
11.201	0.30049780011177063	-0.007666784804314375	
11.307	0.29954230785369873	-0.006804908160120249	
11.418	0.29962122440338135	-0.005888098850846291	
11.499	0.3004665970802307	0.0010466908570379019	
11.595	0.2999587059020996	0.0011069148313254118	
11.706	0.2999582588672638	0.003219552105292678	
11.811	0.29977795481681824	0.004305330570787191	
11.917	0.30025526881217957	0.004318831954151392	
12.01	0.2997988760471344	0.015106484293937683	
12.113	0.29976096749305725	0.01467926986515522	
12.214	0.30035462975502014	0.016256585717201233	
12.297	0.30041593313217163	0.0195981003344059	
12.405	0.30022352933883667	0.0304564218968153	
12.496	0.2998712360858917	0.029489634558558464	
12.613	0.3001739978790283	0.029108358547091484	
12.727	0.2998846173286438	0.03067651577293873	
12.807	0.30002835392951965	0.04037301614880562	
12.913	0.3000377416610718	0.0419619046151638	
13.007	0.3000763952732086	0.054996058344841	
13.102	0.29989540576934814	0.0781979039311409	
13.211	0.3000193238258362	0.05465756729245186	
13.313	0.2995874881744385	0.05393566936254501	
13.415	0.3003709018230438	0.04509542137384415	
13.506	0.3003444969654083	0.05808082967996597	
13.608	0.3001624643802643	0.05264781415462494	
13.717	0.30003592371940613	0.03992899879813194	
13.803	0.3000470995903015	0.04074579104781151	
13.899000000000001	-0.0001977263018488884	0.00010524309618631378	
